t,drift_x,drift_y,lean,dpitch,base_z,tilt_rad,gx,gy,gz,yaw_delta,cmd_vx,cmd_vy,cmd_yaw,meta_selected,meta_safety_hold
0.0199988,0,0,0.0556055,0,0.733421,0,-0.0254878,-0.00206321,-0.999673,0,0.25,0.2,0,DISABLED,0
0.0399988,1.08611e-05,4.32087e-06,0.0533395,1.4212e-05,0.733419,0,-0.0254736,-0.00206152,-0.999673,-8.72067e-06,0.25,0.2,0,DISABLED,0
0.0599988,3.65786e-05,1.93233e-05,0.0504135,2.64123e-05,0.733414,0,-0.0254614,-0.0020543,-0.999674,-1.47404e-05,0.25,0.2,0,DISABLED,0
0.0799987,0.000100804,6.16238e-05,0.0478403,4.30029e-05,0.7334,0,-0.0254448,-0.00203425,-0.999674,-1.84462e-05,0.25,0.2,0,DISABLED,0
0.0999987,-0.000415505,0.000487843,0.0354605,0.00271985,0.733237,0.00358812,-0.0227679,0.000268752,-0.999741,0.00292986,0.25,0.2,0,DISABLED,0
0.119999,-0.00110883,0.001933,0.0140968,0.00596649,0.732895,0.00919348,-0.0195213,0.0049312,-0.999797,0.0048469,0.25,0.2,0,DISABLED,0
0.139999,-0.00145546,0.00390173,-0.00124419,0.00737293,0.732703,0.0120498,-0.0181148,0.00747123,-0.999808,0.00532444,0.25,0.2,0,DISABLED,0
0.159999,-0.00167356,0.00607087,-0.00102144,0.00829877,0.732666,0.013093,-0.017189,0.0080615,-0.99982,0.00598874,0.25,0.2,0,DISABLED,0
0.179999,-0.00176811,0.00841496,0.000337183,0.00916792,0.732703,0.0136414,-0.0163199,0.00803414,-0.999835,0.00657204,0.25,0.2,0,DISABLED,0
0.199999,-0.00171486,0.0109473,-0.00510597,0.00999113,0.732819,0.0138151,-0.0154966,0.00747673,-0.999852,0.00691087,0.25,0.2,0,DISABLED,0
0.219999,-0.00148738,0.0137428,-0.0149591,0.0106178,0.733016,0.0136371,-0.01487,0.00650001,-0.999868,0.00709708,0.25,0.2,0,DISABLED,0
0.239999,-0.00118405,0.0169178,-0.0240027,0.0114117,0.733247,0.0136894,-0.014076,0.00549583,-0.999886,0.00754027,0.25,0.2,0,DISABLED,0
0.259999,-0.000851044,0.0205761,-0.0275257,0.0124781,0.733467,0.0141012,-0.0130097,0.00450003,-0.999905,0.00812141,0.25,0.2,0,DISABLED,0
0.279999,-0.000503426,0.0248191,-0.0281877,0.0138249,0.733639,0.0149944,-0.0116629,0.00374003,-0.999925,0.0089446,0.25,0.2,0,DISABLED,0
0.299999,-0.000129028,0.0297164,-0.0329574,0.0153403,0.733691,0.0163229,-0.0101475,0.00350507,-0.999942,0.00972935,0.25,0.2,0,DISABLED,0
0.319999,0.000157519,0.0347188,-0.0455975,0.0171072,0.733466,0.0183547,-0.00838054,0.0045776,-0.999954,0.0101757,0.25,0.2,0,DISABLED,0
0.339998,0.000435376,0.0415964,-0.0420981,0.0197176,0.732464,0.0229601,-0.00577019,0.00969826,-0.999936,0.0115537,0.25,0.2,0,DISABLED,0
0.359998,0.000665862,0.0474967,-0.010486,0.0215631,0.731237,0.0262706,-0.0039247,0.0129408,-0.999909,0.0146936,0.25,0.2,0,DISABLED,0
0.379998,0.00165833,0.053969,0.0579704,0.0193948,0.731327,0.0198734,-0.00609295,0.00225787,-0.999979,0.0154895,0.25,0.2,0,DISABLED,0
0.399998,0.00291655,0.0599918,0.0597219,0.0162937,0.731947,0.0164285,-0.00919412,1.29792e-05,-0.999958,0.0147179,0.25,0.2,0,DISABLED,0
0.419998,0.00407956,0.0656156,0.05781,0.0147088,0.73262,0.0154564,-0.010779,0.00267558,-0.999938,0.0149981,0.25,0.2,0,DISABLED,0
0.439998,0.00533888,0.0707267,0.0437268,0.013404,0.73318,0.0154178,-0.0120838,0.00554341,-0.999912,0.0148417,0.25,0.2,0,DISABLED,0
0.459998,0.00681407,0.0752879,0.0298785,0.0115126,0.733561,0.0150183,-0.0139751,0.00758184,-0.999874,0.0155,0.25,0.2,0,DISABLED,0
0.479998,0.00852811,0.0793393,0.0191074,0.00888614,0.733778,0.0140716,-0.0166016,0.00884787,-0.999823,0.0166644,0.25,0.2,0,DISABLED,0
0.499998,0.0104576,0.0829294,0.0116229,0.00583979,0.733896,0.0131927,-0.019648,0.00976908,-0.999759,0.0176213,0.25,0.2,0,DISABLED,0
0.519998,0.0126082,0.0861359,0.00854659,0.00268851,0.733988,0.0131384,-0.0227993,0.0107986,-0.999682,0.018254,0.25,0.2,0,DISABLED,0
0.539998,0.0149975,0.0889943,0.00638261,-0.000283355,0.734085,0.0140885,-0.0257711,0.012024,-0.999596,0.0188049,0.25,0.2,0,DISABLED,0
0.559998,0.01735,0.091229,0.00394204,-0.00249909,0.734176,0.0153752,-0.0279869,0.01311,-0.999522,0.0196447,0.25,0.2,0,DISABLED,0
0.579998,0.0204973,0.0934782,0.000310183,-0.00433543,0.734284,0.0168583,-0.0298232,0.0142232,-0.999454,0.0212068,0.25,0.2,0,DISABLED,0
0.599998,0.0236718,0.0950298,-0.00579956,-0.00513647,0.734383,0.0178275,-0.0306242,0.0150042,-0.999418,0.023133,0.25,0.2,0,DISABLED,0
0.619998,0.0272152,0.0961442,-0.0133452,-0.0051955,0.734481,0.0185196,-0.0306833,0.015709,-0.999406,0.0254885,0.25,0.2,0,DISABLED,0
0.639998,0.0307238,0.0967921,-0.0238769,-0.00451862,0.734536,0.0188766,-0.0300064,0.016263,-0.999417,0.0277673,0.25,0.2,0,DISABLED,0
0.659998,0.0353618,0.0971375,-0.0331909,-0.00233789,0.734518,0.0191494,-0.0278257,0.0169429,-0.999469,0.0297587,0.25,0.2,0,DISABLED,0
0.679998,0.0399011,0.0969376,-0.040761,0.000965849,0.734361,0.0193383,-0.0245219,0.0172497,-0.99955,0.0306161,0.25,0.2,0,DISABLED,0
0.699998,0.0442723,0.0962656,-0.0462087,0.00471032,0.734058,0.0196926,-0.0207774,0.0170573,-0.999639,0.030729,0.25,0.2,0,DISABLED,0
0.719998,0.0499763,0.0947957,-0.0442382,0.00985352,0.73336,0.0201297,-0.0156343,0.0154868,-0.999758,0.0291682,0.25,0.2,0,DISABLED,0
0.739998,0.0554053,0.0927787,-0.0272561,0.0142935,0.732267,0.0205169,-0.0111943,0.0126569,-0.999857,0.027208,0.25,0.2,0,DISABLED,0
0.759998,0.0607232,0.0901062,-0.00815395,0.0203329,0.730698,0.0221864,-0.00515485,0.00680758,-0.999964,0.024863,0.25,0.2,0,DISABLED,0
0.779998,0.0656981,0.0880999,0.0144872,0.0249927,0.730373,0.0287868,-0.000495042,0.0122147,-0.999925,0.0241373,0.25,0.2,0,DISABLED,0
0.799998,0.0706548,0.0856963,0.0294214,0.0270017,0.730888,0.0307242,0.0015139,0.0125885,-0.99992,0.0237868,0.25,0.2,0,DISABLED,0
0.819998,0.0749603,0.083386,0.0331217,0.0273448,0.731474,0.0289087,0.00185708,0.00730529,-0.999972,0.0220418,0.25,0.2,0,DISABLED,0
0.839998,0.0801069,0.0812599,0.0162582,0.0262871,0.732034,0.0263589,0.000799346,-0.000168821,-1,0.0184219,0.25,0.2,0,DISABLED,0
0.859998,0.0841444,0.0803556,-0.00558642,0.0248612,0.73233,0.0250295,-0.00062661,-0.00494071,-0.999988,0.0154958,0.25,0.2,0,DISABLED,0
0.879998,0.0883041,0.0800829,-0.0093706,0.0241787,0.732491,0.0248623,-0.00130904,-0.00783846,-0.999968,0.0141262,0.25,0.2,0,DISABLED,0
0.899998,0.0922401,0.0804394,-0.00561821,0.0239388,0.732487,0.0251151,-0.00154901,-0.00965695,-0.999952,0.0132305,0.25,0.2,0,DISABLED,0
0.919998,0.0964404,0.0813643,-0.0050225,0.0240226,0.732376,0.0254991,-0.00146517,-0.0106081,-0.999943,0.0123059,0.25,0.2,0,DISABLED,0
0.939998,0.0998106,0.0824528,-0.00967708,0.0243758,0.732298,0.0260381,-0.00111193,-0.0112059,-0.999937,0.0111618,0.25,0.2,0,DISABLED,0
0.959998,0.10352,0.0839788,-0.0186904,0.0249235,0.732293,0.0267896,-0.000564278,-0.0118763,-0.999929,0.00982292,0.25,0.2,0,DISABLED,0
0.979998,0.107577,0.0860268,-0.0288556,0.0257828,0.732437,0.0282116,0.000295052,-0.013516,-0.999909,0.00835116,0.25,0.2,0,DISABLED,0
0.999998,0.111215,0.0882433,-0.0383126,0.0269635,0.732707,0.030245,0.00147569,-0.0157588,-0.999875,0.00734564,0.25,0.2,0,DISABLED,0
1.02,0.114428,0.0905225,-0.0457328,0.0283773,0.733017,0.0325446,0.00288949,-0.0179944,-0.999834,0.00641014,0.25,0.2,0,DISABLED,0
1.04,0.118247,0.0936917,-0.0491758,0.0305103,0.733398,0.03575,0.00502257,-0.0206925,-0.999773,0.00516967,0.25,0.2,0,DISABLED,0
1.06,0.121273,0.0966391,-0.0457804,0.0324515,0.733644,0.0383969,0.00696373,-0.0225838,-0.999721,0.0042477,0.25,0.2,0,DISABLED,0
1.08,0.124843,0.100745,-0.0404772,0.0349569,0.733803,0.0413067,0.00946913,-0.0240655,-0.999666,0.00288645,0.25,0.2,0,DISABLED,0
1.1,0.127954,0.105015,-0.036177,0.0372488,0.733806,0.0432624,0.0117611,-0.0240622,-0.999641,0.0011324,0.25,0.2,0,DISABLED,0
1.12,0.130908,0.109796,-0.0400167,0.0395039,0.733692,0.0440938,0.0140161,-0.0216437,-0.999667,-0.000392917,0.25,0.2,0,DISABLED,0
1.14,0.133731,0.115019,-0.0483254,0.0414137,0.733424,0.0438048,0.015926,-0.0163264,-0.99974,-0.00149852,0.25,0.2,0,DISABLED,0
1.16,0.136459,0.120672,-0.0432452,0.0427458,0.732801,0.0431216,0.017258,-0.00771786,-0.999821,-0.00254284,0.25,0.2,0,DISABLED,0
1.18,0.138851,0.126031,-0.0141242,0.0433432,0.731714,0.0435714,0.0178554,0.00235051,-0.999838,-0.00275645,0.25,0.2,0,DISABLED,0
1.2,0.141945,0.131409,0.0420623,0.0412912,0.731762,0.0413096,0.0158034,-0.000914539,-0.999875,-0.00194953,0.25,0.2,0,DISABLED,0
1.22,0.144663,0.136163,0.0665776,0.0381762,0.732531,0.0382039,0.0126884,-0.000677153,-0.999919,-0.00154299,0.25,0.2,0,DISABLED,0
1.24,0.147486,0.141621,0.0711314,0.0357373,0.733553,0.0362386,0.0102495,0.00391889,-0.99994,0.000477353,0.25,0.2,0,DISABLED,0
1.26,0.150437,0.146794,0.0525198,0.032773,0.73442,0.0345163,0.0072852,0.00875681,-0.999935,0.00370839,0.25,0.2,0,DISABLED,0
1.28,0.153728,0.152218,0.0315398,0.0288771,0.735073,0.0326744,0.00338932,0.0132201,-0.999907,0.00572039,0.25,0.2,0,DISABLED,0
1.3,0.15673,0.156803,0.0217312,0.0247223,0.735425,0.030761,-0.000765486,0.0162388,-0.999868,0.00623928,0.25,0.2,0,DISABLED,0
1.32,0.159489,0.160602,0.0163165,0.0204345,0.735627,0.0289191,-0.0050533,0.0183996,-0.999818,0.00642199,0.25,0.2,0,DISABLED,0
1.34,0.162653,0.164542,0.0120027,0.015246,0.735783,0.0274881,-0.0102418,0.0208055,-0.999731,0.00676263,0.25,0.2,0,DISABLED,0
1.36,0.165905,0.168207,0.00768301,0.0101384,0.735856,0.0271257,-0.0153494,0.0230953,-0.999615,0.00733923,0.25,0.2,0,DISABLED,0
1.38,0.169581,0.171868,0.00353768,0.0053222,0.73583,0.0277471,-0.0201656,0.0251668,-0.99948,0.00869901,0.25,0.2,0,DISABLED,0
1.4,0.172711,0.174532,-0.0007177,0.00232693,0.735736,0.0285623,-0.0231608,0.0264012,-0.999383,0.0106114,0.25,0.2,0,DISABLED,0
1.42,0.176752,0.177373,-0.00606421,0.000134196,0.735557,0.0295572,-0.0253536,0.0274918,-0.9993,0.0138493,0.25,0.2,0,DISABLED,0
1.44,0.180262,0.179338,-0.0137413,-0.00031969,0.735365,0.0301068,-0.0258075,0.0280384,-0.999274,0.016351,0.25,0.2,0,DISABLED,0
1.46,0.184865,0.181211,-0.021144,0.000589795,0.735092,0.0307261,-0.024898,0.0286543,-0.999279,0.0191084,0.25,0.2,0,DISABLED,0
1.48,0.18939,0.182336,-0.0303023,0.0026833,0.73478,0.0312112,-0.0228045,0.0290305,-0.999318,0.0209951,0.25,0.2,0,DISABLED,0
1.5,0.194262,0.182866,-0.039776,0.0057492,0.734368,0.0315682,-0.0197386,0.0289746,-0.999385,0.0220772,0.25,0.2,0,DISABLED,0
1.52,0.198952,0.182801,-0.044488,0.00901072,0.733848,0.0315456,-0.0164771,0.028167,-0.999467,0.0224539,0.25,0.2,0,DISABLED,0
1.54,0.20443,0.182133,-0.0395626,0.0130571,0.733005,0.0306075,-0.0124307,0.025619,-0.999595,0.0223927,0.25,0.2,0,DISABLED,0
1.56,0.209919,0.180774,-0.0250964,0.0183222,0.731789,0.0271169,-0.00716554,0.017927,-0.999814,0.0220694,0.25,0.2,0,DISABLED,0
1.58,0.21557,0.17905,-0.00425294,0.023538,0.730637,0.0272769,-0.00194973,0.0117122,-0.999929,0.022658,0.25,0.2,0,DISABLED,0
1.6,0.220597,0.177906,0.0336486,0.0262348,0.731118,0.0294987,0.000746979,0.0114146,-0.999935,0.0233906,0.25,0.2,0,DISABLED,0
1.62,0.225164,0.176427,0.051479,0.0263476,0.731972,0.0274534,0.000859874,0.0056436,-0.999984,0.0221144,0.25,0.2,0,DISABLED,0
1.64,0.230717,0.174856,0.0424533,0.0247828,0.732814,0.0249484,-0.000704982,-0.00490644,-0.999988,0.0186759,0.25,0.2,0,DISABLED,0
1.66,0.235617,0.174241,0.0127148,0.0228631,0.733246,0.0247276,-0.0026247,-0.0114763,-0.999931,0.0157548,0.25,0.2,0,DISABLED,0
1.68,0.23978,0.17415,0.00123799,0.0214499,0.733422,0.0257873,-0.00403786,-0.0163754,-0.999858,0.0144172,0.25,0.2,0,DISABLED,0
1.7,0.244165,0.174459,0.00226173,0.0207236,0.733466,0.0275141,-0.00476419,-0.0201611,-0.999785,0.0135784,0.25,0.2,0,DISABLED,0
1.72,0.248867,0.175174,0.000976145,0.0203447,0.733429,0.0292592,-0.00514306,-0.0230924,-0.99972,0.0127546,0.25,0.2,0,DISABLED,0
1.74,0.25266,0.175975,-0.00547525,0.0203057,0.733419,0.0309002,-0.00518208,-0.0253557,-0.999665,0.0121429,0.25,0.2,0,DISABLED,0
1.76,0.257265,0.177226,-0.0152835,0.0206814,0.733492,0.0332262,-0.00480638,-0.0280666,-0.999595,0.0114516,0.25,0.2,0,DISABLED,0
1.78,0.260991,0.178474,-0.0271957,0.0215071,0.733641,0.035623,-0.00398066,-0.0304577,-0.999528,0.0109413,0.25,0.2,0,DISABLED,0
1.8,0.265455,0.180316,-0.0375094,0.0232945,0.733913,0.0390085,-0.00219325,-0.0333487,-0.999441,0.0105017,0.25,0.2,0,DISABLED,0
1.82,0.269459,0.182382,-0.0463156,0.0253938,0.734203,0.0422176,-9.39397e-05,-0.0357853,-0.999359,0.00958539,0.25,0.2,0,DISABLED,0
1.84,0.273392,0.184878,-0.0506499,0.0278279,0.734465,0.0451309,0.00234014,-0.0375862,-0.999291,0.00847878,0.25,0.2,0,DISABLED,0
1.86,0.277244,0.187868,-0.0493806,0.0303892,0.734645,0.0475399,0.00490139,-0.0386135,-0.999242,0.00762127,0.25,0.2,0,DISABLED,0
1.88,0.280964,0.191404,-0.0454321,0.0332024,0.734683,0.0494892,0.00771459,-0.0387505,-0.999219,0.00667109,0.25,0.2,0,DISABLED,0
1.9,0.284615,0.195492,-0.0423959,0.0358506,0.734579,0.050523,0.0103628,-0.0376513,-0.999237,0.0050605,0.25,0.2,0,DISABLED,0
1.92,0.288104,0.2001,-0.0462532,0.0382561,0.734311,0.0501511,0.0127684,-0.0344826,-0.999324,0.00339792,0.25,0.2,0,DISABLED,0
1.94,0.29108,0.204571,-0.0507874,0.0408867,0.733946,0.0485341,0.0153989,-0.0282025,-0.999484,0.00189764,0.25,0.2,0,DISABLED,0
1.96,0.294609,0.210357,-0.0438757,0.042999,0.7333,0.0462776,0.0175112,-0.019161,-0.999663,0.000676531,0.25,0.2,0,DISABLED,0
1.98,0.297418,0.215378,-0.0212129,0.0443218,0.732433,0.0445297,0.018834,-0.00633263,-0.999803,-0.000172411,0.25,0.2,0,DISABLED,0
2,0.300786,0.220822,0.0107491,0.0443903,0.731813,0.044452,0.0189025,0.000197009,-0.999821,6.90395e-05,0.25,0.2,0,DISABLED,0
2.02,0.304044,0.225444,0.0701032,0.042004,0.732613,0.0420818,0.0165163,0.000442587,-0.999864,0.0012541,0.25,0.2,0,DISABLED,0
2.04,0.306928,0.230084,0.0801467,0.0399851,0.733673,0.0406901,0.0144973,0.00546657,-0.99988,0.00255908,0.25,0.2,0,DISABLED,0
2.06,0.310138,0.235341,0.07152,0.0377712,0.73469,0.0404152,0.0122834,0.0123057,-0.999849,0.00565892,0.25,0.2,0,DISABLED,0
2.08,0.313801,0.241077,0.0458752,0.0344359,0.735593,0.0410693,0.00894812,0.020312,-0.999754,0.00941214,0.25,0.2,0,DISABLED,0
2.1,0.317089,0.246196,0.0291843,0.0312683,0.736157,0.0420549,0.00578055,0.026054,-0.999644,0.0107314,0.25,0.2,0,DISABLED,0
2.12,0.320026,0.250606,0.0242705,0.0272675,0.736472,0.0429415,0.00177976,0.0311057,-0.999515,0.0115243,0.25,0.2,0,DISABLED,0
2.14,0.323333,0.255281,0.0205279,0.0225927,0.736663,0.0436152,-0.00289509,0.035238,-0.999375,0.0127547,0.25,0.2,0,DISABLED,0
2.16,0.326694,0.259738,0.0162712,0.0175656,0.736726,0.0445619,-0.00792215,0.0388844,-0.999212,0.0137271,0.25,0.2,0,DISABLED,0
2.18,0.33009,0.263929,0.0125875,0.0129212,0.736672,0.0462377,-0.0125666,0.042324,-0.999025,0.0145975,0.25,0.2,0,DISABLED,0
2.2,0.333536,0.267758,0.0109524,0.00929532,0.73652,0.0484037,-0.0161925,0.0454277,-0.998836,0.015958,0.25,0.2,0,DISABLED,0
2.22,0.337446,0.271482,0.00998065,0.00685714,0.736274,0.0507315,-0.0186306,0.0481875,-0.998665,0.0180577,0.25,0.2,0,DISABLED,0
2.24,0.340803,0.274127,0.00724036,0.00610849,0.736052,0.0521504,-0.0193793,0.0497105,-0.998576,0.0198566,0.25,0.2,0,DISABLED,0
2.26,0.34518,0.276814,-0.00137046,0.00666889,0.735774,0.0527812,-0.0188189,0.0502777,-0.998558,0.0217322,0.25,0.2,0,DISABLED,0
2.28,0.349426,0.278744,-0.0151095,0.00858132,0.735481,0.0529628,-0.0169065,0.050182,-0.998597,0.0236939,0.25,0.2,0,DISABLED,0
2.3,0.353955,0.280181,-0.0293342,0.0115261,0.735105,0.0527665,-0.0139617,0.0494138,-0.998681,0.0255997,0.25,0.2,0,DISABLED,0
2.32,0.358684,0.281082,-0.0334358,0.0152927,0.734579,0.0517013,-0.0101951,0.0473112,-0.998828,0.0271765,0.25,0.2,0,DISABLED,0
2.34,0.363477,0.281377,-0.0176528,0.0194693,0.733931,0.0481963,-0.00601844,0.0420171,-0.999099,0.028545,0.25,0.2,0,DISABLED,0
2.36,0.367784,0.281094,-0.00682124,0.0228743,0.73332,0.0422952,-0.00261342,0.0335093,-0.999435,0.0308114,0.25,0.2,0,DISABLED,0
2.38,0.372576,0.280317,0.0094395,0.0255733,0.73261,0.0341552,8.55308e-05,0.0205747,-0.999788,0.0326078,0.25,0.2,0,DISABLED,0
2.4,0.377738,0.279842,0.0411674,0.0270691,0.73237,0.0296478,0.00158133,0.0100233,-0.999949,0.0328716,0.25,0.2,0,DISABLED,0
2.42,0.38191,0.279835,0.0770845,0.026804,0.733256,0.0277622,0.00131618,0.00516016,-0.999986,0.0318042,0.25,0.2,0,DISABLED,0
2.44,0.386996,0.279611,0.0835456,0.0253181,0.734477,0.0255178,-0.000169715,-0.00522877,-0.999986,0.0283231,0.25,0.2,0,DISABLED,0
2.46,0.391614,0.279695,0.0496061,0.0232083,0.735011,0.0253937,-0.00227951,-0.0123639,-0.999921,0.0249371,0.25,0.2,0,DISABLED,0
2.48,0.396102,0.279854,0.0214376,0.0210628,0.735089,0.0264537,-0.00442502,-0.0180691,-0.999827,0.0241992,0.25,0.2,0,DISABLED,0
2.5,0.400404,0.280163,0.0135842,0.0195372,0.734999,0.0285623,-0.00595061,-0.0228992,-0.99972,0.0239403,0.25,0.2,0,DISABLED,0
2.52,0.404614,0.280607,0.0114538,0.0186122,0.734915,0.0310081,-0.00687555,-0.0268633,-0.999615,0.0235137,0.25,0.2,0,DISABLED,0
2.54,0.408806,0.281141,0.00635093,0.0182582,0.734922,0.0339819,-0.00722957,-0.030722,-0.999502,0.0230688,0.25,0.2,0,DISABLED,0
2.56,0.413043,0.281796,-0.00416645,0.0183863,0.735039,0.0377075,-0.00710148,-0.0349788,-0.999363,0.0226843,0.25,0.2,0,DISABLED,0
2.58,0.417324,0.282669,-0.017202,0.019045,0.735247,0.0418075,-0.00644278,-0.0392729,-0.999208,0.0224886,0.25,0.2,0,DISABLED,0
2.6,0.421197,0.283741,-0.0282756,0.0202046,0.735483,0.0456393,-0.00528316,-0.0429776,-0.999062,0.0220502,0.25,0.2,0,DISABLED,0
2.62,0.425505,0.285378,-0.0362253,0.022168,0.735753,0.0497763,-0.00331982,-0.0466185,-0.998907,0.0209566,0.25,0.2,0,DISABLED,0
2.64,0.429776,0.287606,-0.0378909,0.0248257,0.735953,0.0532793,-0.000662058,-0.0491908,-0.998789,0.0195978,0.25,0.2,0,DISABLED,0
2.66,0.433993,0.290492,-0.0354379,0.028004,0.736023,0.0559096,0.00251622,-0.0504367,-0.998724,0.0184897,0.25,0.2,0,DISABLED,0
2.68,0.438182,0.294025,-0.0329269,0.0313409,0.735946,0.0576438,0.00585309,-0.0504238,-0.998711,0.0175753,0.25,0.2,0,DISABLED,0
2.7,0.442765,0.29857,-0.0342715,0.0348812,0.735661,0.0581752,0.00939338,-0.0486034,-0.998774,0.0161256,0.25,0.2,0,DISABLED,0
2.72,0.446809,0.303186,-0.043404,0.0380609,0.735197,0.0568027,0.0125731,-0.0442121,-0.998943,0.0144568,0.25,0.2,0,DISABLED,0
2.74,0.450261,0.307603,-0.0528713,0.0409996,0.734653,0.054109,0.0155118,-0.0373585,-0.999182,0.0130527,0.25,0.2,0,DISABLED,0
2.76,0.453949,0.312723,-0.0486026,0.0438837,0.73389,0.0500404,0.0183959,-0.0260982,-0.99949,0.0117418,0.25,0.2,0,DISABLED,0
2.78,0.457952,0.318571,-0.028708,0.0458333,0.732652,0.0464333,0.0203455,-0.00947256,-0.999748,0.0108212,0.25,0.2,0,DISABLED,0
2.8,0.46116,0.322625,0.00145078,0.0463057,0.731969,0.0463098,0.0208179,-0.00199768,-0.999781,0.0114737,0.25,0.2,0,DISABLED,0
2.82,0.465281,0.327027,0.0711902,0.0445957,0.732754,0.0446153,0.0191079,-0.000900563,-0.999817,0.0127431,0.25,0.2,0,DISABLED,0
2.84,0.469002,0.331686,0.081181,0.0428904,0.733915,0.0435646,0.0174026,0.00555362,-0.999833,0.0142284,0.25,0.2,0,DISABLED,0
2.86,0.472709,0.336484,0.0701621,0.0414123,0.734924,0.0439081,0.0159246,0.0125157,-0.999795,0.016899,0.25,0.2,0,DISABLED,0
2.88,0.476522,0.341328,0.0468032,0.0385744,0.735711,0.0451124,0.0130866,0.0213229,-0.999687,0.0203627,0.25,0.2,0,DISABLED,0
2.9,0.479933,0.345664,0.0295159,0.0352893,0.73619,0.0464833,0.00980155,0.0281842,-0.999555,0.0217168,0.25,0.2,0,DISABLED,0
2.92,0.483659,0.350363,0.026794,0.031937,0.736497,0.0475938,0.00644922,0.0332159,-0.999427,0.022376,0.25,0.2,0,DISABLED,0
2.94,0.487725,0.355402,0.0256425,0.0273245,0.736626,0.0487217,0.00183675,0.0382681,-0.999266,0.0234259,0.25,0.2,0,DISABLED,0
2.96,0.491394,0.359843,0.0225104,0.0229527,0.736599,0.0498697,-0.00253503,0.0422007,-0.999106,0.0241619,0.25,0.2,0,DISABLED,0
2.98,0.495033,0.364056,0.0204301,0.0190409,0.736464,0.0515431,-0.00644685,0.0458232,-0.998929,0.0249105,0.25,0.2,0,DISABLED,0
3,0.4983,0.36757,0.0196172,0.0163923,0.736279,0.0534436,-0.00909546,0.0487898,-0.998768,0.0258763,0.25,0.2,0,DISABLED,0
3.02,0.502379,0.37143,0.0204864,0.0143795,0.735987,0.0558531,-0.0111083,0.0518891,-0.998591,0.0279207,0.25,0.2,0,DISABLED,0
3.04,0.506219,0.374489,0.0192732,0.0138043,0.735682,0.0572212,-0.0116835,0.0534476,-0.998502,0.0297447,0.25,0.2,0,DISABLED,0
3.06,0.510215,0.377076,0.0118041,0.0144292,0.735354,0.0578153,-0.0110586,0.0539011,-0.998485,0.0316724,0.25,0.2,0,DISABLED,0
3.08,0.513923,0.378962,0.00127324,0.0163039,0.735031,0.0579152,-0.00918384,0.0534903,-0.998526,0.0340357,0.25,0.2,0,DISABLED,0
3.1,0.518496,0.380622,-0.00190747,0.0193175,0.734566,0.0565839,-0.00617031,0.0511043,-0.998674,0.036524,0.25,0.2,0,DISABLED,0
3.12,0.522661,0.381481,-0.00434798,0.0226386,0.734097,0.0532972,-0.0028492,0.0461746,-0.998929,0.0392232,0.25,0.2,0,DISABLED,0
3.14,0.52692,0.381758,-0.0116764,0.0249237,0.733661,0.048363,-0.000564059,0.0393751,-0.999224,0.0425968,0.25,0.2,0,DISABLED,0
3.16,0.531195,0.381596,-0.00805619,0.0262582,0.733255,0.0420988,0.000770468,0.0308399,-0.999524,0.044593,0.25,0.2,0,DISABLED,0
3.18,0.535363,0.381054,0.0119126,0.0272464,0.732793,0.0348104,0.0017586,0.0196011,-0.999806,0.0455166,0.25,0.2,0,DISABLED,0
3.2,0.538996,0.380642,0.0448287,0.0277594,0.732483,0.0300076,0.00227167,0.00932444,-0.999954,0.0465578,0.25,0.2,0,DISABLED,0
3.22,0.543283,0.380878,0.0790196,0.0274341,0.733356,0.0279227,0.00194631,0.00312589,-0.999993,0.0451611,0.25,0.2,0,DISABLED,0
3.24,0.547174,0.380956,0.0886458,0.0263003,0.734442,0.0264267,0.000812483,-0.0046168,-0.999989,0.0418329,0.25,0.2,0,DISABLED,0
3.26,0.550719,0.3811,0.0615519,0.0246455,0.734983,0.0260975,-0.000842292,-0.0106408,-0.999943,0.0387923,0.25,0.2,0,DISABLED,0
3.28,0.554648,0.381265,0.0337481,0.0223642,0.735139,0.0266132,-0.00312358,-0.0164854,-0.999859,0.0376843,0.25,0.2,0,DISABLED,0
3.3,0.558468,0.381532,0.0218459,0.0203676,0.735108,0.0283128,-0.00512022,-0.0217249,-0.999751,0.0372472,0.25,0.2,0,DISABLED,0
3.32,0.562557,0.381969,0.0177053,0.0189567,0.735066,0.0308481,-0.00653109,-0.0263989,-0.99963,0.036605,0.25,0.2,0,DISABLED,0
3.34,0.565869,0.382407,0.0112668,0.0184506,0.73511,0.0334248,-0.00703717,-0.0299326,-0.999527,0.0360563,0.25,0.2,0,DISABLED,0
3.36,0.569988,0.383072,4.92036e-05,0.0183033,0.735291,0.0374601,-0.00718449,-0.0347436,-0.99937,0.035413,0.25,0.2,0,DISABLED,0
3.38,0.573818,0.383911,-0.0144226,0.0184647,0.735555,0.0411129,-0.00702306,-0.0387899,-0.999223,0.0350057,0.25,0.2,0,DISABLED,0
3.4,0.577684,0.38509,-0.0265754,0.0193305,0.735858,0.0456276,-0.00615731,-0.0433851,-0.999039,0.0346473,0.25,0.2,0,DISABLED,0
3.42,0.58159,0.386758,-0.0334578,0.0207905,0.736164,0.0495157,-0.00469724,-0.0469898,-0.998884,0.0334845,0.25,0.2,0,DISABLED,0
3.44,0.585096,0.388781,-0.0346017,0.0227899,0.736379,0.0523581,-0.00269791,-0.0491861,-0.998786,0.0322715,0.25,0.2,0,DISABLED,0
3.46,0.589368,0.392013,-0.0327245,0.0258987,0.7365,0.0548609,0.000410897,-0.050409,-0.998729,0.0308048,0.25,0.2,0,DISABLED,0
3.48,0.592896,0.395258,-0.0311537,0.0285827,0.736469,0.0561151,0.00309493,-0.0503358,-0.998728,0.0299095,0.25,0.2,0,DISABLED,0
3.5,0.596845,0.39942,-0.0334442,0.0315415,0.736273,0.0564785,0.0060537,-0.0488966,-0.998785,0.0288236,0.25,0.2,0,DISABLED,0
3.52,0.601112,0.40455,-0.0441764,0.0348978,0.735793,0.0549977,0.00941006,-0.0445557,-0.998963,0.0272523,0.25,0.2,0,DISABLED,0
3.54,0.604783,0.409517,-0.0532048,0.0381945,0.735102,0.0518775,0.0127067,-0.0371584,-0.999229,0.0257706,0.25,0.2,0,DISABLED,0
3.56,0.608316,0.414682,-0.0467125,0.0409912,0.734177,0.0472164,0.0155034,-0.0254863,-0.999555,0.0245044,0.25,0.2,0,DISABLED,0
3.58,0.611392,0.419467,-0.0254583,0.0428115,0.732972,0.0438891,0.0173237,-0.0117077,-0.999781,0.0236753,0.25,0.2,0,DISABLED,0
3.6,0.615085,0.424256,0.00596434,0.0433686,0.732071,0.0434426,0.0178808,-0.00453994,-0.99983,0.0241251,0.25,0.2,0,DISABLED,0
3.62,0.618688,0.428252,0.0735173,0.0413942,0.732732,0.0414192,0.0159064,-0.00344915,-0.999868,0.0245372,0.25,0.2,0,DISABLED,0
3.64,0.622183,0.432823,0.0824235,0.0397482,0.733852,0.0400715,0.0142604,0.00299365,-0.999894,0.0258808,0.25,0.2,0,DISABLED,0
3.66,0.625703,0.437514,0.0711249,0.0380511,0.734857,0.0402067,0.0125633,0.0109167,-0.999861,0.0287566,0.25,0.2,0,DISABLED,0
3.68,0.628985,0.441766,0.0463078,0.0357448,0.73559,0.0411056,0.010257,0.0182287,-0.999781,0.0310704,0.25,0.2,0,DISABLED,0
3.7,0.632989,0.446904,0.0315169,0.0329823,0.736189,0.0424162,0.00749451,0.0246043,-0.999669,0.0323591,0.25,0.2,0,DISABLED,0
3.72,0.636239,0.450989,0.0259592,0.0291364,0.73645,0.0441046,0.00364864,0.0310417,-0.999511,0.0337636,0.25,0.2,0,DISABLED,0
3.74,0.639856,0.455453,0.0232485,0.025003,0.736578,0.045305,-0.00048479,0.0357108,-0.999362,0.0343164,0.25,0.2,0,DISABLED,0
3.76,0.643853,0.460222,0.0194566,0.0201378,0.736592,0.0469073,-0.00535001,0.0402941,-0.999174,0.0349656,0.25,0.2,0,DISABLED,0
3.78,0.64712,0.463933,0.01614,0.0165087,0.736517,0.048636,-0.00897911,0.0436754,-0.999005,0.0355168,0.25,0.2,0,DISABLED,0
3.8,0.65078,0.467759,0.0142896,0.0133742,0.736355,0.0510841,-0.0121136,0.0472259,-0.998811,0.0369016,0.25,0.2,0,DISABLED,0
3.82,0.654517,0.471222,0.0136675,0.011458,0.736117,0.0535729,-0.0140298,0.0502527,-0.998638,0.0386575,0.25,0.2,0,DISABLED,0
3.84,0.658802,0.474542,0.0127517,0.0108216,0.7358,0.0555103,-0.0146662,0.0523623,-0.99852,0.040573,0.25,0.2,0,DISABLED,0
3.86,0.662918,0.477057,0.00432897,0.0115439,0.735481,0.056341,-0.0139439,0.0530623,-0.998494,0.0423532,0.25,0.2,0,DISABLED,0
3.88,0.666786,0.478879,-0.00732574,0.0133602,0.735162,0.0565998,-0.0121276,0.0529172,-0.998525,0.0440238,0.25,0.2,0,DISABLED,0
3.9,0.671693,0.480475,-0.0146638,0.0168195,0.734672,0.0559821,-0.00866831,0.0513144,-0.998645,0.046291,0.25,0.2,0,DISABLED,0
3.92,0.676218,0.481273,-0.0111824,0.0206893,0.734127,0.0532289,-0.00479852,0.0469672,-0.998885,0.0480022,0.25,0.2,0,DISABLED,0
3.94,0.68033,0.481457,-0.0113494,0.02385,0.733631,0.0490158,-0.00163781,0.0407508,-0.999168,0.0503499,0.25,0.2,0,DISABLED,0
3.96,0.685429,0.48108,-0.0106662,0.0264095,0.733038,0.0415944,0.000921686,0.0300672,-0.999547,0.0528111,0.25,0.2,0,DISABLED,0
3.98,0.689575,0.480424,0.00883457,0.0277453,0.732507,0.0348412,0.00225753,0.019007,-0.999817,0.0536451,0.25,0.2,0,DISABLED,0
4,0.694463,0.480109,0.0403686,0.0286988,0.732336,0.0306911,0.00321105,0.0088057,-0.999956,0.0528155,0.25,0.2,0,DISABLED,0
4.02,0.698797,0.480099,0.0761036,0.0286059,0.733306,0.0291817,0.00311812,0.00368814,-0.999988,0.0517433,0.25,0.2,0,DISABLED,0
4.04,0.703136,0.479949,0.0836501,0.0274895,0.734406,0.0278094,0.00200172,-0.0062485,-0.999978,0.0479461,0.25,0.2,0,DISABLED,0
4.06,0.707078,0.479993,0.0521379,0.0258351,0.734919,0.0278608,0.000347298,-0.0124877,-0.999922,0.0445289,0.25,0.2,0,DISABLED,0
4.08,0.711391,0.480069,0.0264707,0.0236789,0.735053,0.0287059,-0.00180887,-0.0182913,-0.999831,0.0433401,0.25,0.2,0,DISABLED,0
4.1,0.71596,0.480304,0.0163736,0.0217228,0.734993,0.0308133,-0.00376502,-0.0239162,-0.999707,0.0425129,0.25,0.2,0,DISABLED,0
4.12,0.719977,0.480659,0.012538,0.0206561,0.734927,0.0331274,-0.00483163,-0.0279599,-0.999597,0.0417431,0.25,0.2,0,DISABLED,0
4.14,0.723944,0.481105,0.00697735,0.0202474,0.734945,0.0359213,-0.00524042,-0.0317316,-0.999483,0.0409693,0.25,0.2,0,DISABLED,0
4.16,0.727942,0.481663,-0.00376049,0.0203016,0.735071,0.0394008,-0.00518621,-0.0358272,-0.999345,0.0403371,0.25,0.2,0,DISABLED,0
4.18,0.73157,0.482332,-0.0164136,0.0208226,0.735265,0.0433203,-0.0046652,-0.0400437,-0.999187,0.0400169,0.25,0.2,0,DISABLED,0
4.2,0.736009,0.483511,-0.0270472,0.021986,0.735558,0.0474482,-0.00350179,-0.0440998,-0.999021,0.0392764,0.25,0.2,0,DISABLED,0
4.22,0.739647,0.484895,-0.0351374,0.0237748,0.735808,0.0513205,-0.00171297,-0.0475307,-0.998868,0.0379509,0.25,0.2,0,DISABLED,0
4.24,0.744041,0.487236,-0.0371161,0.0262149,0.736037,0.0545108,0.000727119,-0.0498396,-0.998757,0.0365131,0.25,0.2,0,DISABLED,0
4.25999,0.74797,0.490061,-0.0351465,0.0291584,0.736114,0.056873,0.00367063,-0.0508738,-0.998698,0.0353551,0.25,0.2,0,DISABLED,0
4.27999,0.751864,0.493539,-0.0332078,0.0322434,0.73605,0.0583512,0.00675562,-0.0506765,-0.998692,0.03444,0.25,0.2,0,DISABLED,0
4.29999,0.755747,0.497606,-0.0352884,0.0351484,0.735821,0.0586499,0.00966062,-0.0489949,-0.998752,0.0331381,0.25,0.2,0,DISABLED,0
4.31999,0.759148,0.501674,-0.0447249,0.0377458,0.73545,0.057505,0.012258,-0.0454286,-0.998892,0.0316494,0.25,0.2,0,DISABLED,0
4.33999,0.763052,0.507012,-0.0532629,0.0411411,0.734801,0.0542059,0.0156534,-0.0373434,-0.99918,0.029751,0.25,0.2,0,DISABLED,0
4.35999,0.766452,0.512119,-0.0477347,0.04381,0.734022,0.0499604,0.0183222,-0.0260691,-0.999492,0.0280778,0.25,0.2,0,DISABLED,0
4.37999,0.769817,0.517414,-0.0263529,0.0453859,0.732888,0.0463034,0.0198982,-0.0112087,-0.999739,0.0268544,0.25,0.2,0,DISABLED,0
4.39999,0.773097,0.5219,0.00436604,0.0458052,0.732124,0.0458232,0.0203174,-0.00319448,-0.999788,0.0276603,0.25,0.2,0,DISABLED,0
4.41999,0.77656,0.525916,0.0744909,0.0442003,0.732823,0.0442059,0.0187126,-0.00233946,-0.999822,0.0283254,0.25,0.2,0,DISABLED,0
4.43999,0.780011,0.530553,0.0831088,0.0423952,0.733969,0.0428289,0.0169074,0.00398688,-0.999849,0.0295185,0.25,0.2,0,DISABLED,0
4.45999,0.783105,0.534857,0.0708051,0.0407815,0.734902,0.0428637,0.0152937,0.0111236,-0.999821,0.0319768,0.25,0.2,0,DISABLED,0
4.47999,0.786656,0.539698,0.0484183,0.0381313,0.735731,0.0437435,0.0126435,0.0193648,-0.999733,0.034889,0.25,0.2,0,DISABLED,0
4.49999,0.790197,0.54453,0.0314729,0.0345174,0.73629,0.0452615,0.00902965,0.0272077,-0.999589,0.0364789,0.25,0.2,0,DISABLED,0
4.51999,0.794034,0.549717,0.0266154,0.0307404,0.736632,0.0465884,0.00525264,0.032938,-0.999444,0.0371083,0.25,0.2,0,DISABLED,0
4.53999,0.797514,0.554322,0.0245048,0.0268996,0.736779,0.0477289,0.00141182,0.0373561,-0.999301,0.0375671,0.25,0.2,0,DISABLED,0
4.55999,0.800994,0.558785,0.0207637,0.0219718,0.736797,0.0494325,-0.00351593,0.0422079,-0.999103,0.0382574,0.25,0.2,0,DISABLED,0
4.57999,0.804469,0.563029,0.0180289,0.017885,0.736693,0.0514586,-0.00760281,0.0461761,-0.998904,0.0389432,0.25,0.2,0,DISABLED,0
4.59999,0.807968,0.566949,0.0171666,0.0147555,0.736499,0.0538837,-0.0107323,0.0497441,-0.998704,0.0401294,0.25,0.2,0,DISABLED,0
4.61999,0.811548,0.570485,0.0177037,0.0128369,0.736247,0.0562234,-0.0126509,0.0526557,-0.998533,0.0415914,0.25,0.2,0,DISABLED,0
4.63999,0.815287,0.573592,0.0165937,0.0121649,0.735973,0.0578153,-0.0133229,0.054437,-0.998428,0.043102,0.25,0.2,0,DISABLED,0
4.65999,0.819242,0.576229,0.00808242,0.0126829,0.735678,0.058595,-0.0128048,0.0551207,-0.998398,0.0447796,0.25,0.2,0,DISABLED,0
4.67999,0.823387,0.578364,-0.00501752,0.0144985,0.735343,0.058852,-0.0109892,0.0549532,-0.998428,0.0467678,0.25,0.2,0,DISABLED,0
4.69999,0.827671,0.579956,-0.0135298,0.0174693,0.734912,0.0584197,-0.00801845,0.0536626,-0.998527,0.04898,0.25,0.2,0,DISABLED,0
4.71999,0.831567,0.580871,-0.00919473,0.0207314,0.73445,0.056114,-0.0047564,0.0500649,-0.998735,0.0505282,0.25,0.2,0,DISABLED,0
4.73999,0.836381,0.581316,-0.00937989,0.0242664,0.73387,0.050695,-0.00122142,0.0424364,-0.999098,0.0531956,0.25,0.2,0,DISABLED,0
4.75999,0.840833,0.581186,-0.00660002,0.0262541,0.733364,0.043734,0.000766284,0.0329085,-0.999458,0.0553098,0.25,0.2,0,DISABLED,0
4.77999,0.845237,0.580694,0.0119981,0.0275425,0.732825,0.0358266,0.00205477,0.0208456,-0.999781,0.0561997,0.25,0.2,0,DISABLED,0
4.79999,0.849511,0.580419,0.0446728,0.0281863,0.732536,0.0306309,0.00269852,0.00992355,-0.999947,0.0568571,0.25,0.2,0,DISABLED,0
4.81999,0.853638,0.580685,0.0791694,0.02794,0.733389,0.0285748,0.00245226,0.00391555,-0.999989,0.0557911,0.25,0.2,0,DISABLED,0
4.83999,0.857774,0.58083,0.0886281,0.0269573,0.734492,0.0270024,0.00146948,-0.00358094,-0.999992,0.0529942,0.25,0.2,0,DISABLED,0
4.85999,0.861992,0.581087,0.0618766,0.0247124,0.735052,0.0263793,-0.00077538,-0.011284,-0.999936,0.048997,0.25,0.2,0,DISABLED,0
4.87999,0.866143,0.581364,0.028916,0.0224165,0.735145,0.0269582,-0.00307125,-0.017035,-0.99985,0.0478492,0.25,0.2,0,DISABLED,0
4.89999,0.869735,0.581702,0.0188117,0.0207028,0.735088,0.0287329,-0.00478494,-0.021985,-0.999747,0.0472643,0.25,0.2,0,DISABLED,0
4.91999,0.873638,0.582184,0.0152417,0.0196888,0.735033,0.0307746,-0.005799,-0.0257142,-0.999653,0.0466944,0.25,0.2,0,DISABLED,0
4.93999,0.877521,0.582748,0.00938016,0.0191382,0.735072,0.0337142,-0.00634962,-0.0298177,-0.999535,0.0458904,0.25,0.2,0,DISABLED,0
4.95999,0.881867,0.583508,-0.00134298,0.0190116,0.735242,0.0378921,-0.00647615,-0.0348363,-0.999372,0.0450975,0.25,0.2,0,DISABLED,0
4.97999,0.885884,0.584435,-0.0144362,0.0193445,0.735485,0.0419768,-0.00614324,-0.0393108,-0.999208,0.0446759,0.25,0.2,0,DISABLED,0
4.99999,0.889928,0.585701,-0.0252506,0.0203605,0.73578,0.0460374,-0.00512724,-0.0433443,-0.999047,0.0440503,0.25,0.2,0,DISABLED,0
5.01999,0.893973,0.587456,-0.032122,0.0221697,0.736072,0.0500427,-0.00331811,-0.0469147,-0.998893,0.042637,0.25,0.2,0,DISABLED,0
5.03999,0.897604,0.589554,-0.0334097,0.0243635,0.736275,0.0531056,-0.00112431,-0.0492352,-0.998787,0.0412279,0.25,0.2,0,DISABLED,0
5.05999,0.902002,0.592871,-0.0313988,0.0276205,0.736375,0.0558968,0.00213269,-0.0506414,-0.998715,0.0397259,0.25,0.2,0,DISABLED,0
5.07999,0.905992,0.59658,-0.029328,0.0307527,0.736303,0.0574469,0.00526496,-0.0505661,-0.998707,0.0385963,0.25,0.2,0,DISABLED,0
5.09999,0.909987,0.600853,-0.0316347,0.03376,0.736057,0.0578627,0.00827222,-0.0490376,-0.998763,0.0371794,0.25,0.2,0,DISABLED,0
5.11999,0.913865,0.605566,-0.0423251,0.0368339,0.735591,0.0565186,0.0113461,-0.044914,-0.998926,0.0355043,0.25,0.2,0,DISABLED,0
5.13999,0.917508,0.61057,-0.0517972,0.0401247,0.73492,0.0533643,0.0146369,-0.0372323,-0.999199,0.0337816,0.25,0.2,0,DISABLED,0
5.15999,0.920998,0.615795,-0.0474381,0.0429618,0.734038,0.0488501,0.017474,-0.0253044,-0.999527,0.0322086,0.25,0.2,0,DISABLED,0
5.17999,0.92408,0.620278,-0.0269444,0.044664,0.733123,0.0460956,0.0191763,-0.0134452,-0.999726,0.0324023,0.25,0.2,0,DISABLED,0
5.19999,0.927583,0.624774,0.019773,0.0467357,0.73288,0.0471861,0.021248,-0.00852592,-0.999738,0.036113,0.25,0.2,0,DISABLED,0
5.21999,0.930734,0.628784,0.100162,0.0475986,0.734077,0.0480191,0.0221108,-0.00837683,-0.99972,0.0380703,0.25,0.2,0,DISABLED,0
5.23999,0.934158,0.633393,0.0892877,0.0465165,0.735403,0.0465205,0.0210287,-0.00224814,-0.999776,0.0391698,0.25,0.2,0,DISABLED,0
5.25999,0.937624,0.638035,0.0610114,0.0443863,0.736338,0.0449615,0.0188985,0.00507927,-0.999808,0.0419413,0.25,0.2,0,DISABLED,0
5.27999,0.940671,0.642161,0.0340015,0.041736,0.73697,0.0439855,0.0162482,0.0118122,-0.999798,0.0437851,0.25,0.2,0,DISABLED,0
5.29999,0.944205,0.647034,0.0251566,0.038267,0.737485,0.0433863,0.0127793,0.0183738,-0.99975,0.0447569,0.25,0.2,0,DISABLED,0
5.31999,0.947271,0.651249,0.0253212,0.0337357,0.737732,0.0427397,0.00824789,0.0241734,-0.999674,0.0456095,0.25,0.2,0,DISABLED,0
5.33999,0.950231,0.655272,0.0270967,0.0289697,0.737833,0.0420619,0.00348193,0.0284277,-0.99959,0.0463536,0.25,0.2,0,DISABLED,0
5.35999,0.953078,0.659078,0.0264654,0.0240376,0.737817,0.0416403,-0.00145019,0.0319355,-0.999489,0.0469547,0.25,0.2,0,DISABLED,0
5.37999,0.95583,0.662601,0.0241493,0.0195282,0.737697,0.0418345,-0.00595957,0.0349282,-0.999372,0.0482686,0.25,0.2,0,DISABLED,0
5.39999,0.958514,0.665796,0.0199757,0.0158791,0.737518,0.0423811,-0.00960872,0.0372244,-0.999261,0.0499671,0.25,0.2,0,DISABLED,0
5.41999,0.961162,0.668641,0.0162542,0.0134048,0.737313,0.0431921,-0.012083,0.0389896,-0.999167,0.0518252,0.25,0.2,0,DISABLED,0
5.43999,0.963539,0.670862,0.0115523,0.0123291,0.737117,0.0437558,-0.0131586,0.0399124,-0.999117,0.0534803,0.25,0.2,0,DISABLED,0
5.45999,0.96646,0.673069,0.0051609,0.0124057,0.736833,0.0440681,-0.013082,0.0402148,-0.999105,0.055518,0.25,0.2,0,DISABLED,0
5.47999,0.969135,0.674604,-0.00112078,0.0134707,0.736534,0.0439394,-0.012017,0.0397541,-0.999137,0.0572431,0.25,0.2,0,DISABLED,0
5.49999,0.971725,0.675946,-0.00216445,0.015622,0.73633,0.0449774,-0.00986573,0.0401068,-0.999147,0.0578391,0.25,0.2,0,DISABLED,0
5.51999,0.973902,0.676864,-0.00204948,0.0188062,0.736267,0.0472316,-0.00668161,0.041255,-0.999126,0.0573536,0.25,0.2,0,DISABLED,0
5.53999,0.976246,0.677359,0.00164354,0.0227902,0.736501,0.0501534,-0.00269759,0.0426033,-0.999088,0.0561486,0.25,0.2,0,DISABLED,0
5.55999,0.977781,0.677333,0.0157661,0.027159,0.737075,0.0534336,0.00167121,0.0439415,-0.999033,0.0535385,0.25,0.2,0,DISABLED,0
5.57999,0.979118,0.676896,0.045835,0.0332872,0.738269,0.0575133,0.00779941,0.0448231,-0.998964,0.0473294,0.25,0.2,0,DISABLED,0
5.59999,0.979933,0.67615,0.0836462,0.0378928,0.739481,0.0592277,0.0124051,0.0434412,-0.998979,0.0423294,0.25,0.2,0,DISABLED,0
5.61999,0.980778,0.674861,0.0853476,0.039734,0.740602,0.0563484,0.0142463,0.037877,-0.999181,0.040473,0.25,0.2,0,DISABLED,0
5.63999,0.981548,0.673372,0.0537026,0.0393802,0.740701,0.0483137,0.0138924,0.0259162,-0.999568,0.0395203,0.25,0.2,0,DISABLED,0
5.65999,0.981875,0.672853,0.0222724,0.0379226,0.739529,0.042997,0.0124348,0.0181916,-0.999757,0.0380801,0.25,0.2,0,DISABLED,0
5.67999,0.981963,0.674412,-0.00052458,0.0336749,0.738675,0.043885,0.00818712,0.0260731,-0.999627,0.0349405,0.25,0.2,0,DISABLED,0
5.69999,0.981809,0.676139,-0.00746346,0.028646,0.738223,0.0417575,0.0031582,0.0283138,-0.999594,0.0326891,0.25,0.2,0,DISABLED,0
5.71999,0.981289,0.678008,0.00527605,0.0249573,0.73811,0.038935,-0.000530505,0.0278186,-0.999613,0.0302334,0.25,0.2,0,DISABLED,0
5.73999,0.98049,0.680766,0.00663918,0.0204971,0.738173,0.0350868,-0.00499072,0.0264122,-0.999639,0.0279419,0.25,0.2,0,DISABLED,0
5.75999,0.979726,0.68385,-0.00105518,0.0161126,0.738311,0.0313826,-0.00937522,0.0248664,-0.999647,0.0264868,0.25,0.2,0,DISABLED,0
5.77999,0.978862,0.687552,-0.0100275,0.0118177,0.738462,0.0277793,-0.0136701,0.023077,-0.99964,0.0253221,0.25,0.2,0,DISABLED,0
5.79999,0.977901,0.69193,-0.0173,0.00756948,0.738609,0.0239064,-0.0179183,0.0206146,-0.999627,0.0237151,0.25,0.2,0,DISABLED,0
5.81999,0.976862,0.697017,-0.0241238,0.0033478,0.738792,0.0197772,-0.02214,0.0174274,-0.999603,0.021513,0.25,0.2,0,DISABLED,0
5.83999,0.975534,0.702709,-0.0279693,0.000378229,0.738852,0.0175138,-0.0251095,0.0154461,-0.999565,0.0202695,0.25,0.2,0,DISABLED,0
5.85999,0.97406,0.708363,-0.030768,-0.00116265,0.738741,0.0169921,-0.0266504,0.0148898,-0.999534,0.0198424,0.25,0.2,0,DISABLED,0
5.87999,0.971914,0.715857,-0.0345795,-0.00201177,0.738305,0.0184551,-0.0274995,0.0162842,-0.999489,0.0207863,0.25,0.2,0,DISABLED,0
5.89999,0.96966,0.723219,-0.042779,-0.00261261,0.737475,0.0216424,-0.0281004,0.0194174,-0.999416,0.0221353,0.25,0.2,0,DISABLED,0
5.91999,0.967143,0.731139,-0.0561303,-0.00375603,0.736069,0.0265684,-0.0292438,0.0242343,-0.999278,0.0225057,0.25,0.2,0,DISABLED,0
5.93999,0.964695,0.738694,-0.0424617,-0.00565411,0.734268,0.0329596,-0.0311419,0.0304001,-0.999053,0.0214247,0.25,0.2,0,DISABLED,0
5.95999,0.961561,0.746597,-0.00136146,-0.00758731,0.73223,0.0376917,-0.0330751,0.0348445,-0.998845,0.0238127,0.25,0.2,0,DISABLED,0
5.97999,0.958242,0.754075,0.114781,-0.0132951,0.732579,0.029106,-0.0387828,0.0238192,-0.998964,0.0176157,0.25,0.2,0,DISABLED,0
5.99999,0.955491,0.761818,0.172011,-0.0172571,0.734068,0.0329089,-0.0427449,0.0259412,-0.998749,0.0132565,0.25,0.2,0,DISABLED,0
6.01999,0.952777,0.768752,0.155333,-0.0156567,0.736039,0.0364878,-0.0411445,0.0308769,-0.998676,0.0147199,0.25,0.2,0,DISABLED,0
6.03999,0.949799,0.776219,0.112998,-0.0115725,0.738535,0.0397818,-0.0370602,0.0359824,-0.998665,0.0140529,0.25,0.2,0,DISABLED,0
6.05999,0.947084,0.783189,0.0749783,-0.00815789,0.740789,0.044984,-0.0336457,0.0421561,-0.998544,0.0142655,0.25,0.2,0,DISABLED,0
6.08,0.944362,0.790187,0.0491036,-0.00702274,0.742533,0.0500737,-0.0325105,0.0474918,-0.998342,0.015065,0.25,0.2,0,DISABLED,0
6.1,0.941941,0.796034,0.0378078,-0.00820491,0.7434,0.0530696,-0.0336927,0.0503407,-0.998164,0.0146876,0.25,0.2,0,DISABLED,0
6.12,0.939502,0.801395,0.0359177,-0.0109545,0.743741,0.0550129,-0.0364423,0.0518154,-0.997992,0.0136195,0.25,0.2,0,DISABLED,0
6.14,0.937041,0.806292,0.0380791,-0.0143547,0.743758,0.0562255,-0.0398425,0.0522601,-0.997838,0.0121775,0.25,0.2,0,DISABLED,0
6.16,0.934522,0.810789,0.0414814,-0.0190254,0.743618,0.0574905,-0.0445132,0.0521418,-0.997647,0.010489,0.25,0.2,0,DISABLED,0
6.18,0.931967,0.814996,0.04574,-0.0234605,0.743409,0.0585909,-0.0489483,0.0515718,-0.997469,0.00891994,0.25,0.2,0,DISABLED,0
6.2,0.929651,0.818592,0.0473824,-0.0277476,0.743193,0.0598787,-0.0532354,0.0509345,-0.997282,0.00744631,0.25,0.2,0,DISABLED,0
6.22,0.927048,0.822405,0.0494267,-0.0310701,0.742909,0.0610827,-0.0565579,0.0504545,-0.997124,0.00617113,0.25,0.2,0,DISABLED,0
6.24,0.924201,0.82641,0.0481077,-0.0342532,0.742527,0.062112,-0.059741,0.0496683,-0.996977,0.00426041,0.25,0.2,0,DISABLED,0
6.26,0.921833,0.829549,0.0382871,-0.0355568,0.742142,0.0620889,-0.0610446,0.0487511,-0.996944,0.00284416,0.25,0.2,0,DISABLED,0
6.28,0.918796,0.833193,0.0209729,-0.0348699,0.741549,0.0601609,-0.0603576,0.046881,-0.997075,0.00249475,0.25,0.2,0,DISABLED,0
6.3,0.915916,0.836403,0.00155112,-0.032088,0.740822,0.0551871,-0.0575758,0.0427712,-0.997424,0.00319315,0.25,0.2,0,DISABLED,0
6.32,0.913344,0.839378,-0.00792786,-0.0286451,0.73998,0.0481022,-0.0541329,0.0365315,-0.997865,0.00333394,0.25,0.2,0,DISABLED,0
6.34,0.910169,0.843216,0.00871581,-0.0235878,0.738694,0.0371388,-0.0490756,0.0265962,-0.998441,0.00211513,0.25,0.2,0,DISABLED,0
6.36,0.907258,0.846804,0.0584341,-0.0185687,0.737264,0.0251317,-0.0440565,0.0148546,-0.998919,-0.000896918,0.25,0.2,0,DISABLED,0
6.38,0.90451,0.850155,0.115046,-0.0137904,0.735371,0.0138022,-0.0392782,-0.00235357,-0.999226,-0.00676383,0.25,0.2,0,DISABLED,0
6.4,0.902021,0.85407,0.147088,-0.010597,0.734562,0.0119105,-0.0360848,-0.00749735,-0.999321,-0.00847457,0.25,0.2,0,DISABLED,0
6.42,0.900641,0.856562,0.0746833,-0.0116016,0.735475,0.0167127,-0.0370894,-0.0140814,-0.999213,-0.00581877,0.25,0.2,0,DISABLED,0
6.44,0.899484,0.85788,0.0611182,-0.0120181,0.737312,0.037259,-0.0375059,-0.0373129,-0.9986,-0.0132864,0.25,0.2,0,DISABLED,0
6.46,0.898304,0.859464,0.00856467,-0.00752599,0.737842,0.0433863,-0.0330138,-0.044771,-0.998452,-0.0174557,0.25,0.2,0,DISABLED,0
6.48,0.897442,0.861325,-0.0259289,-0.000494085,0.737777,0.0418103,-0.0259819,-0.0438559,-0.9987,-0.0194118,0.25,0.2,0,DISABLED,0
6.5,0.896745,0.864143,-0.0349138,0.00725422,0.737389,0.0392112,-0.0182336,-0.0405884,-0.99901,-0.020902,0.25,0.2,0,DISABLED,0
6.52001,0.896488,0.867431,-0.05039,0.0145075,0.73687,0.037503,-0.0109803,-0.0366423,-0.999268,-0.023745,0.25,0.2,0,DISABLED,0
6.54001,0.896526,0.871531,-0.0749493,0.020443,0.736714,0.0353272,-0.00504476,-0.0308738,-0.999511,-0.0247579,0.25,0.2,0,DISABLED,0
6.56001,0.896653,0.876418,-0.0831507,0.0255583,0.736972,0.036602,7.05732e-05,-0.02826,-0.999601,-0.024361,0.25,0.2,0,DISABLED,0
6.58001,0.896825,0.882286,-0.0777726,0.0300437,0.737392,0.0399642,0.00455594,-0.028412,-0.999586,-0.0229741,0.25,0.2,0,DISABLED,0
6.60001,0.897172,0.889249,-0.065396,0.033405,0.737708,0.042911,0.00791719,-0.0289902,-0.999548,-0.0207066,0.25,0.2,0,DISABLED,0
6.62001,0.897686,0.896448,-0.0536856,0.0353207,0.737767,0.0444882,0.00983288,-0.0291065,-0.999528,-0.0179914,0.25,0.2,0,DISABLED,0
6.64001,0.898425,0.905298,-0.0455069,0.0365886,0.737538,0.0454311,0.0111009,-0.0289868,-0.999518,-0.0134482,0.25,0.2,0,DISABLED,0
6.66001,0.89936,0.915942,-0.0382546,0.0377314,0.736846,0.0455019,0.0122437,-0.0274867,-0.999547,-0.0075287,0.25,0.2,0,DISABLED,0
6.68001,0.900184,0.925252,-0.0364662,0.0390025,0.735822,0.0444453,0.0135148,-0.0233676,-0.999636,-0.00263792,0.25,0.2,0,DISABLED,0
6.70001,0.901195,0.937184,-0.0371728,0.0407293,0.733787,0.0430829,0.0152416,-0.0160979,-0.999754,0.00166571,0.25,0.2,0,DISABLED,0
6.72001,0.90221,0.948488,-0.029119,0.0422926,0.730975,0.0423628,0.0168049,-0.00444322,-0.999849,0.005727,0.25,0.2,0,DISABLED,0
6.74001,0.903803,0.95908,-0.00751549,0.0409395,0.728143,0.0411621,0.0154517,0.00217431,-0.999878,0.00486733,0.25,0.2,0,DISABLED,0
6.76001,0.906488,0.966612,0.0517881,0.0344214,0.727292,0.0345629,0.00893361,-0.0051501,-0.999947,0.00158105,0.25,0.2,0,DISABLED,0
6.78001,0.909622,0.97486,0.0592627,0.0302362,0.727099,0.030985,0.00474843,-0.00882112,-0.99995,0.00840564,0.25,0.2,0,DISABLED,0
6.80001,0.912067,0.981703,0.0361116,0.0311615,0.727661,0.0318615,0.00567369,-0.00869323,-0.999946,0.0131845,0.25,0.2,0,DISABLED,0
6.82001,0.914506,0.987273,0.00713542,0.0320556,0.728317,0.0323995,0.00656782,-0.0067536,-0.999956,0.0162987,0.25,0.2,0,DISABLED,0
6.84001,0.917614,0.99282,-0.00799173,0.031559,0.728867,0.0316474,0.00607125,-0.0043969,-0.999972,0.0193913,0.25,0.2,0,DISABLED,0
6.86001,0.921413,0.998413,-0.010219,0.0294635,0.72913,0.0294663,0.00397576,-0.00214854,-0.99999,0.0230659,0.25,0.2,0,DISABLED,0
6.88001,0.925152,1.00323,-0.0043121,0.0267856,0.729145,0.0268207,0.00129785,-0.0007364,-0.999999,0.025422,0.25,0.2,0,DISABLED,0
6.90001,0.929155,1.00799,0.00564614,0.0240113,0.729133,0.0242112,-0.00147643,0.00101454,-0.999998,0.0263126,0.25,0.2,0,DISABLED,0
6.92001,0.933033,1.01235,0.0134037,0.0217804,0.729252,0.0226911,-0.00370736,0.00428946,-0.999984,0.0262945,0.25,0.2,0,DISABLED,0
6.94001,0.938168,1.01761,0.0175575,0.0200136,0.729611,0.0236103,-0.00547418,0.0104605,-0.99993,0.027282,0.25,0.2,0,DISABLED,0
6.96002,0.942633,1.02171,0.0246541,0.0197651,0.729976,0.0263046,-0.00572272,0.0152938,-0.999867,0.0281691,0.25,0.2,0,DISABLED,0
6.98002,0.948385,1.0265,0.0272121,0.0209154,0.730452,0.0312494,-0.00457241,0.0211534,-0.999766,0.0289745,0.25,0.2,0,DISABLED,0
7.00002,0.953205,1.03011,0.0249117,0.0233188,0.730769,0.0359014,-0.00216898,0.0252322,-0.999679,0.0293588,0.25,0.2,0,DISABLED,0
7.02002,0.959072,1.03405,0.020519,0.0279018,0.730949,0.041471,0.002414,0.0286136,-0.999588,0.0296293,0.25,0.2,0,DISABLED,0
7.04002,0.964281,1.03701,0.000953585,0.032882,0.730875,0.0457607,0.00739418,0.029756,-0.99953,0.0296374,0.25,0.2,0,DISABLED,0
7.06002,0.969468,1.03933,-0.0233658,0.037173,0.730713,0.0489001,0.0116852,0.0296989,-0.999491,0.0281026,0.25,0.2,0,DISABLED,0
7.08002,0.974666,1.041,-0.0277698,0.0407408,0.730627,0.0514099,0.0152531,0.0292818,-0.999455,0.0248366,0.25,0.2,0,DISABLED,0
7.10002,0.979942,1.04198,-0.0224975,0.0439934,0.730772,0.0539898,0.0185056,0.0292209,-0.999402,0.0208904,0.25,0.2,0,DISABLED,0
7.12002,0.984806,1.04235,-0.0165865,0.0469873,0.731159,0.0567891,0.0214995,0.0298152,-0.999324,0.0161385,0.25,0.2,0,DISABLED,0
7.14002,0.990806,1.0422,-0.00985169,0.0512606,0.732038,0.0612241,0.0257729,0.0313939,-0.999175,0.00890251,0.25,0.2,0,DISABLED,0
7.16002,0.996205,1.04161,0.00159749,0.0578959,0.733275,0.0687694,0.0324081,0.0350143,-0.998861,-0.0019867,0.25,0.2,0,DISABLED,0
7.18002,1.00086,1.0408,0.0302641,0.0649721,0.734748,0.0768445,0.0394843,0.0389168,-0.998462,-0.0131438,0.25,0.2,0,DISABLED,0
7.20002,1.00556,1.03956,0.0641233,0.0748395,0.736709,0.086147,0.0493518,0.0405135,-0.997959,-0.0272797,0.25,0.2,0,DISABLED,0
7.22002,1.01014,1.03813,0.035492,0.0825614,0.738762,0.0912122,0.0570736,0.0365841,-0.997699,-0.0383665,0.25,0.2,0,DISABLED,0
7.24002,1.01419,1.03771,-0.0236362,0.0857531,0.739724,0.0921322,0.0602654,0.0314756,-0.997686,-0.0502874,0.25,0.2,0,DISABLED,0
7.26002,1.01819,1.03824,-0.0328998,0.0849337,0.740004,0.0900001,0.0594459,0.0275603,-0.997851,-0.0604871,0.25,0.2,0,DISABLED,0
7.28002,1.02213,1.03959,-0.0240913,0.0822004,0.739794,0.0864762,0.0567126,0.0246592,-0.998086,-0.0685224,0.25,0.2,0,DISABLED,0
7.30002,1.02546,1.04145,-0.0168865,0.0789791,0.739193,0.0824352,0.0534913,0.0214342,-0.998338,-0.0764024,0.25,0.2,0,DISABLED,0
7.32002,1.02904,1.04425,-0.0125964,0.076786,0.738117,0.0796386,0.0512982,0.0189481,-0.998504,-0.0814898,0.25,0.2,0,DISABLED,0
7.34002,1.03301,1.04823,-0.0112284,0.0743999,0.736549,0.0765567,0.0489121,0.0158715,-0.998677,-0.0861444,0.25,0.2,0,DISABLED,0
7.36002,1.03641,1.05227,-0.010563,0.0713622,0.735104,0.0727773,0.0458745,0.0121136,-0.998874,-0.0916207,0.25,0.2,0,DISABLED,0
7.38002,1.0409,1.05818,-0.0192526,0.0683608,0.733685,0.0691086,0.042873,0.00796153,-0.999049,-0.0981034,0.25,0.2,0,DISABLED,0
7.40003,1.04477,1.06426,-0.0227092,0.0679727,0.733003,0.0684642,0.0424849,0.0059911,-0.999079,-0.101169,0.25,0.2,0,DISABLED,0
7.42003,1.04849,1.07094,-0.0314761,0.0694191,0.732973,0.0698444,0.0439313,0.00547642,-0.99902,-0.102037,0.25,0.2,0,DISABLED,0
7.44003,1.05177,1.07736,-0.0448267,0.0714655,0.733469,0.0718766,0.0459777,0.00542992,-0.998928,-0.101021,0.25,0.2,0,DISABLED,0
7.46003,1.05572,1.08579,-0.0474127,0.0746903,0.734594,0.0750781,0.0492025,0.00533728,-0.998775,-0.0979931,0.25,0.2,0,DISABLED,0
7.48003,1.05938,1.09415,-0.05845,0.0777568,0.735979,0.0781472,0.052269,0.00547305,-0.998618,-0.0955606,0.25,0.2,0,DISABLED,0
7.50003,1.06317,1.10312,-0.0947815,0.0806567,0.737518,0.0811262,0.0551689,0.00635434,-0.998457,-0.0940582,0.25,0.2,0,DISABLED,0
7.52003,1.067,1.11249,-0.160729,0.0836207,0.7389,0.0842736,0.0581329,0.00810385,-0.998276,-0.0942815,0.25,0.2,0,DISABLED,0
7.54003,1.07053,1.1215,-0.190506,0.0877269,0.740054,0.0889569,0.0622391,0.0124017,-0.997984,-0.0938194,0.25,0.2,0,DISABLED,0
7.56003,1.07356,1.12924,-0.1322,0.0934805,0.741009,0.0958319,0.0679927,0.0187556,-0.997509,-0.0832815,0.25,0.2,0,DISABLED,0
7.58003,1.07646,1.13626,-0.0920167,0.0981823,0.741857,0.10191,0.0726945,0.0249556,-0.997042,-0.0686108,0.25,0.2,0,DISABLED,0
7.60003,1.0791,1.14251,-0.0541938,0.098867,0.742542,0.104976,0.0733793,0.0329601,-0.996759,-0.0600257,0.25,0.2,0,DISABLED,0
7.62003,1.08268,1.14984,0.000353307,0.0939238,0.743012,0.10352,0.068436,0.0412602,-0.996802,-0.0565912,0.25,0.2,0,DISABLED,0
7.64003,1.0858,1.15552,0.0456115,0.086117,0.743036,0.099193,0.0606292,0.0470101,-0.997053,-0.0553899,0.25,0.2,0,DISABLED,0
7.66003,1.08966,1.16207,0.0750388,0.0742541,0.742878,0.0912442,0.0487663,0.0508656,-0.997514,-0.0555266,0.25,0.2,0,DISABLED,0
7.68003,1.09311,1.16766,0.0915394,0.0626642,0.742761,0.0826304,0.0371765,0.051734,-0.997969,-0.056291,0.25,0.2,0,DISABLED,0
7.70003,1.096,1.17236,0.10069,0.0529644,0.742758,0.0750264,0.0274766,0.0510333,-0.998319,-0.0566974,0.25,0.2,0,DISABLED,0
7.72003,1.09917,1.17763,0.091379,0.0426738,0.74294,0.0665046,0.0171861,0.0489186,-0.998655,-0.0561269,0.25,0.2,0,DISABLED,0
7.74003,1.10155,1.18162,0.0658973,0.0355737,0.743288,0.0606644,0.0100859,0.0470572,-0.998841,-0.0527441,0.25,0.2,0,DISABLED,0
7.76003,1.10422,1.1865,0.0362609,0.0290837,0.744494,0.0603153,0.00359589,0.050757,-0.998705,-0.0481308,0.25,0.2,0,DISABLED,0
7.78003,1.10596,1.19006,0.0392011,0.0267095,0.746037,0.061474,0.00122172,0.0532842,-0.998579,-0.0447352,0.25,0.2,0,DISABLED,0
7.80003,1.10795,1.19403,0.0293261,0.0255297,0.748495,0.063732,4.18964e-05,0.0563071,-0.998414,-0.0409144,0.25,0.2,0,DISABLED,0
7.82003,1.10962,1.19727,0.0258281,0.0260359,0.751082,0.0655197,0.00054817,0.0580334,-0.998314,-0.0393333,0.25,0.2,0,DISABLED,0
7.84004,1.11124,1.2001,0.0183397,0.0276929,0.75386,0.0670726,0.0022051,0.0589963,-0.998256,-0.0386855,0.25,0.2,0,DISABLED,0
7.86004,1.11286,1.2026,0.0135703,0.0300044,0.756771,0.0690732,0.00451663,0.06012,-0.998181,-0.038979,0.25,0.2,0,DISABLED,0
7.88004,1.11446,1.20484,0.0119928,0.0329826,0.759714,0.0714321,0.00749485,0.061262,-0.998094,-0.0405611,0.25,0.2,0,DISABLED,0
7.90004,1.1161,1.20688,0.0120001,0.0363155,0.76257,0.0741184,0.0108277,0.0625076,-0.997986,-0.0432004,0.25,0.2,0,DISABLED,0
7.92004,1.11784,1.20879,0.0116376,0.0397313,0.765326,0.0775778,0.0142435,0.0645202,-0.997815,-0.0473771,0.25,0.2,0,DISABLED,0
7.94004,1.11969,1.2106,0.00501269,0.0431837,0.767993,0.0818074,0.017696,0.0673585,-0.997572,-0.0536276,0.25,0.2,0,DISABLED,0
7.96004,1.12153,1.21242,0.0015693,0.0469103,0.770644,0.0870526,0.0214225,0.0711952,-0.997232,-0.062953,0.25,0.2,0,DISABLED,0
7.98004,1.12332,1.21441,0.0129737,0.0503494,0.773347,0.0928775,0.0248616,0.0758908,-0.996806,-0.0760989,0.25,0.2,0,DISABLED,0
8.00004,1.12494,1.21624,0.03603,0.052847,0.77584,0.0958892,0.0273592,0.0778454,-0.99659,-0.0890396,0.25,0.2,0,DISABLED,0
